12 14  7  6
 4  8  3 11
 5  1 15 13
 0 10  9  2

12 14  7  6
 4  8  3 11
 0  1 15 13
 5 10  9  2

12 14  7  6
 4  8  3 11
 1  0 15 13
 5 10  9  2

12 14  7  6
 4  0  3 11
 1  8 15 13
 5 10  9  2

12  0  7  6
 4 14  3 11
 1  8 15 13
 5 10  9  2

 0 12  7  6
 4 14  3 11
 1  8 15 13
 5 10  9  2

 4 12  7  6
 0 14  3 11
 1  8 15 13
 5 10  9  2

 4 12  7  6
 1 14  3 11
 0  8 15 13
 5 10  9  2

 4 12  7  6
 1 14  3 11
 5  8 15 13
 0 10  9  2

 4 12  7  6
 1 14  3 11
 5  8 15 13
10  0  9  2

 4 12  7  6
 1 14  3 11
 5  8 15 13
10  9  0  2

 4 12  7  6
 1 14  3 11
 5  8  0 13
10  9 15  2

 4 12  7  6
 1 14  3 11
 5  0  8 13
10  9 15  2

 4 12  7  6
 1  0  3 11
 5 14  8 13
10  9 15  2

 4  0  7  6
 1 12  3 11
 5 14  8 13
10  9 15  2

 0  4  7  6
 1 12  3 11
 5 14  8 13
10  9 15  2

 1  4  7  6
 0 12  3 11
 5 14  8 13
10  9 15  2

 1  4  7  6
 5 12  3 11
 0 14  8 13
10  9 15  2

 1  4  7  6
 5 12  3 11
10 14  8 13
 0  9 15  2

 1  4  7  6
 5 12  3 11
10 14  8 13
 9  0 15  2

 1  4  7  6
 5 12  3 11
10 14  8 13
 9 15  0  2

 1  4  7  6
 5 12  3 11
10 14  8 13
 9 15  2  0

 1  4  7  6
 5 12  3 11
10 14  8  0
 9 15  2 13

 1  4  7  6
 5 12  3 11
10 14  0  8
 9 15  2 13

 1  4  7  6
 5 12  3 11
10 14  2  8
 9 15  0 13

 1  4  7  6
 5 12  3 11
10 14  2  8
 9  0 15 13

 1  4  7  6
 5 12  3 11
10  0  2  8
 9 14 15 13

 1  4  7  6
 5  0  3 11
10 12  2  8
 9 14 15 13

 1  4  7  6
 5  3  0 11
10 12  2  8
 9 14 15 13

 1  4  7  6
 5  3 11  0
10 12  2  8
 9 14 15 13

 1  4  7  0
 5  3 11  6
10 12  2  8
 9 14 15 13

 1  4  0  7
 5  3 11  6
10 12  2  8
 9 14 15 13

 1  0  4  7
 5  3 11  6
10 12  2  8
 9 14 15 13

 1  3  4  7
 5  0 11  6
10 12  2  8
 9 14 15 13

 1  3  4  7
 5 11  0  6
10 12  2  8
 9 14 15 13

 1  3  4  7
 5 11  2  6
10 12  0  8
 9 14 15 13

 1  3  4  7
 5 11  2  6
10  0 12  8
 9 14 15 13

 1  3  4  7
 5  0  2  6
10 11 12  8
 9 14 15 13

 1  3  4  7
 5  2  0  6
10 11 12  8
 9 14 15 13

 1  3  4  7
 5  2  6  0
10 11 12  8
 9 14 15 13

 1  3  4  0
 5  2  6  7
10 11 12  8
 9 14 15 13

 1  3  0  4
 5  2  6  7
10 11 12  8
 9 14 15 13

 1  0  3  4
 5  2  6  7
10 11 12  8
 9 14 15 13

 1  2  3  4
 5  0  6  7
10 11 12  8
 9 14 15 13

 1  2  3  4
 5  6  0  7
10 11 12  8
 9 14 15 13

 1  2  3  4
 5  6  7  0
10 11 12  8
 9 14 15 13

 1  2  3  4
 5  6  7  8
10 11 12  0
 9 14 15 13

 1  2  3  4
 5  6  7  8
10 11  0 12
 9 14 15 13

 1  2  3  4
 5  6  7  8
10  0 11 12
 9 14 15 13

 1  2  3  4
 5  6  7  8
10 14 11 12
 9  0 15 13

 1  2  3  4
 5  6  7  8
10 14 11 12
 9 15  0 13

 1  2  3  4
 5  6  7  8
10 14 11 12
 9 15 13  0

 1  2  3  4
 5  6  7  8
10 14 11  0
 9 15 13 12

 1  2  3  4
 5  6  7  8
10 14  0 11
 9 15 13 12

 1  2  3  4
 5  6  7  8
10 14 13 11
 9 15  0 12

 1  2  3  4
 5  6  7  8
10 14 13 11
 9  0 15 12

 1  2  3  4
 5  6  7  8
10  0 13 11
 9 14 15 12

 1  2  3  4
 5  6  7  8
10 13  0 11
 9 14 15 12

 1  2  3  4
 5  6  7  8
10 13 11  0
 9 14 15 12

 1  2  3  4
 5  6  7  8
10 13 11 12
 9 14 15  0

 1  2  3  4
 5  6  7  8
10 13 11 12
 9 14  0 15

 1  2  3  4
 5  6  7  8
10 13 11 12
 9  0 14 15

 1  2  3  4
 5  6  7  8
10  0 11 12
 9 13 14 15

 1  2  3  4
 5  6  7  8
 0 10 11 12
 9 13 14 15

 1  2  3  4
 5  6  7  8
 9 10 11 12
 0 13 14 15

 1  2  3  4
 5  6  7  8
 9 10 11 12
13  0 14 15

 1  2  3  4
 5  6  7  8
 9 10 11 12
13 14  0 15

 1  2  3  4
 5  6  7  8
 9 10 11 12
13 14 15  0

67 Movements
OpenSet size: 469,887
ClosedSet size: 522,075
Total nodes: 991,962
Time: 101.760000 seconds
