 1  7  9 15
 0  5 11 10
 3  2  4 14
13  8 12  6

 1  7  9 15
 5  0 11 10
 3  2  4 14
13  8 12  6

 1  7  9 15
 5  2 11 10
 3  0  4 14
13  8 12  6

 1  7  9 15
 5  2 11 10
 3  8  4 14
13  0 12  6

 1  7  9 15
 5  2 11 10
 3  8  4 14
13 12  0  6

 1  7  9 15
 5  2 11 10
 3  8  4 14
13 12  6  0

 1  7  9 15
 5  2 11 10
 3  8  4  0
13 12  6 14

 1  7  9 15
 5  2 11 10
 3  8  0  4
13 12  6 14

 1  7  9 15
 5  2  0 10
 3  8 11  4
13 12  6 14

 1  7  9 15
 5  2 10  0
 3  8 11  4
13 12  6 14

 1  7  9 15
 5  2 10  4
 3  8 11  0
13 12  6 14

 1  7  9 15
 5  2 10  4
 3  8  0 11
13 12  6 14

 1  7  9 15
 5  2 10  4
 3  0  8 11
13 12  6 14

 1  7  9 15
 5  2 10  4
 3 12  8 11
13  0  6 14

 1  7  9 15
 5  2 10  4
 3 12  8 11
13  6  0 14

 1  7  9 15
 5  2 10  4
 3 12  8 11
13  6 14  0

 1  7  9 15
 5  2 10  4
 3 12  8  0
13  6 14 11

 1  7  9 15
 5  2 10  4
 3 12  0  8
13  6 14 11

 1  7  9 15
 5  2  0  4
 3 12 10  8
13  6 14 11

 1  7  0 15
 5  2  9  4
 3 12 10  8
13  6 14 11

 1  7 15  0
 5  2  9  4
 3 12 10  8
13  6 14 11

 1  7 15  4
 5  2  9  0
 3 12 10  8
13  6 14 11

 1  7 15  4
 5  2  9  8
 3 12 10  0
13  6 14 11

 1  7 15  4
 5  2  9  8
 3 12  0 10
13  6 14 11

 1  7 15  4
 5  2  0  8
 3 12  9 10
13  6 14 11

 1  7  0  4
 5  2 15  8
 3 12  9 10
13  6 14 11

 1  0  7  4
 5  2 15  8
 3 12  9 10
13  6 14 11

 1  2  7  4
 5  0 15  8
 3 12  9 10
13  6 14 11

 1  2  7  4
 5 12 15  8
 3  0  9 10
13  6 14 11

 1  2  7  4
 5 12 15  8
 3  9  0 10
13  6 14 11

 1  2  7  4
 5 12  0  8
 3  9 15 10
13  6 14 11

 1  2  7  4
 5  0 12  8
 3  9 15 10
13  6 14 11

 1  2  7  4
 0  5 12  8
 3  9 15 10
13  6 14 11

 1  2  7  4
 3  5 12  8
 0  9 15 10
13  6 14 11

 1  2  7  4
 3  5 12  8
 9  0 15 10
13  6 14 11

 1  2  7  4
 3  5 12  8
 9  6 15 10
13  0 14 11

 1  2  7  4
 3  5 12  8
 9  6 15 10
13 14  0 11

 1  2  7  4
 3  5 12  8
 9  6  0 10
13 14 15 11

 1  2  7  4
 3  5  0  8
 9  6 12 10
13 14 15 11

 1  2  7  4
 3  0  5  8
 9  6 12 10
13 14 15 11

 1  2  7  4
 0  3  5  8
 9  6 12 10
13 14 15 11

 0  2  7  4
 1  3  5  8
 9  6 12 10
13 14 15 11

 2  0  7  4
 1  3  5  8
 9  6 12 10
13 14 15 11

 2  3  7  4
 1  0  5  8
 9  6 12 10
13 14 15 11

 2  3  7  4
 1  5  0  8
 9  6 12 10
13 14 15 11

 2  3  0  4
 1  5  7  8
 9  6 12 10
13 14 15 11

 2  0  3  4
 1  5  7  8
 9  6 12 10
13 14 15 11

 0  2  3  4
 1  5  7  8
 9  6 12 10
13 14 15 11

 1  2  3  4
 0  5  7  8
 9  6 12 10
13 14 15 11

 1  2  3  4
 5  0  7  8
 9  6 12 10
13 14 15 11

 1  2  3  4
 5  6  7  8
 9  0 12 10
13 14 15 11

 1  2  3  4
 5  6  7  8
 9 14 12 10
13  0 15 11

 1  2  3  4
 5  6  7  8
 9 14 12 10
13 15  0 11

 1  2  3  4
 5  6  7  8
 9 14  0 10
13 15 12 11

 1  2  3  4
 5  6  7  8
 9 14 10  0
13 15 12 11

 1  2  3  4
 5  6  7  8
 9 14 10 11
13 15 12  0

 1  2  3  4
 5  6  7  8
 9 14 10 11
13 15  0 12

 1  2  3  4
 5  6  7  8
 9 14 10 11
13  0 15 12

 1  2  3  4
 5  6  7  8
 9  0 10 11
13 14 15 12

 1  2  3  4
 5  6  7  8
 9 10  0 11
13 14 15 12

 1  2  3  4
 5  6  7  8
 9 10 11  0
13 14 15 12

 1  2  3  4
 5  6  7  8
 9 10 11 12
13 14 15  0

61 Movements
OpenSet size: 80,037
ClosedSet size: 91,019
Total nodes: 171,056
Time: 10.694059 seconds
