 1  6  2  3
 5 10  7  4
 9 14 11  8
13  0 15 12

 1  6  2  3
 5 10  7  4
 9  0 11  8
13 14 15 12

 1  6  2  3
 5  0  7  4
 9 10 11  8
13 14 15 12

 1  0  2  3
 5  6  7  4
 9 10 11  8
13 14 15 12

 1  2  0  3
 5  6  7  4
 9 10 11  8
13 14 15 12

 1  2  3  0
 5  6  7  4
 9 10 11  8
13 14 15 12

 1  2  3  4
 5  6  7  0
 9 10 11  8
13 14 15 12

 1  2  3  4
 5  6  7  8
 9 10 11  0
13 14 15 12

 1  2  3  4
 5  6  7  8
 9 10 11 12
13 14 15  0

8 Movements
OpenSet size: 14
ClosedSet size: 12
Total nodes: 26
Time: 0.002909 seconds
