 7  9  2 14
 1 15  0 13
 6 10  4  5
11 12  3  8

 7  9  2 14
 1  0 15 13
 6 10  4  5
11 12  3  8

 7  0  2 14
 1  9 15 13
 6 10  4  5
11 12  3  8

 0  7  2 14
 1  9 15 13
 6 10  4  5
11 12  3  8

 1  7  2 14
 0  9 15 13
 6 10  4  5
11 12  3  8

 1  7  2 14
 6  9 15 13
 0 10  4  5
11 12  3  8

 1  7  2 14
 6  9 15 13
10  0  4  5
11 12  3  8

 1  7  2 14
 6  0 15 13
10  9  4  5
11 12  3  8

 1  7  2 14
 6 15  0 13
10  9  4  5
11 12  3  8

 1  7  2 14
 6 15  4 13
10  9  0  5
11 12  3  8

 1  7  2 14
 6 15  4 13
10  9  3  5
11 12  0  8

 1  7  2 14
 6 15  4 13
10  9  3  5
11  0 12  8

 1  7  2 14
 6 15  4 13
10  9  3  5
 0 11 12  8

 1  7  2 14
 6 15  4 13
 0  9  3  5
10 11 12  8

 1  7  2 14
 6 15  4 13
 9  0  3  5
10 11 12  8

 1  7  2 14
 6  0  4 13
 9 15  3  5
10 11 12  8

 1  0  2 14
 6  7  4 13
 9 15  3  5
10 11 12  8

 1  2  0 14
 6  7  4 13
 9 15  3  5
10 11 12  8

 1  2  4 14
 6  7  0 13
 9 15  3  5
10 11 12  8

 1  2  4 14
 6  7  3 13
 9 15  0  5
10 11 12  8

 1  2  4 14
 6  7  3 13
 9 15  5  0
10 11 12  8

 1  2  4 14
 6  7  3  0
 9 15  5 13
10 11 12  8

 1  2  4  0
 6  7  3 14
 9 15  5 13
10 11 12  8

 1  2  0  4
 6  7  3 14
 9 15  5 13
10 11 12  8

 1  2  3  4
 6  7  0 14
 9 15  5 13
10 11 12  8

 1  2  3  4
 6  7 14  0
 9 15  5 13
10 11 12  8

 1  2  3  4
 6  7 14 13
 9 15  5  0
10 11 12  8

 1  2  3  4
 6  7 14 13
 9 15  5  8
10 11 12  0

 1  2  3  4
 6  7 14 13
 9 15  5  8
10 11  0 12

 1  2  3  4
 6  7 14 13
 9 15  5  8
10  0 11 12

 1  2  3  4
 6  7 14 13
 9  0  5  8
10 15 11 12

 1  2  3  4
 6  7 14 13
 9  5  0  8
10 15 11 12

 1  2  3  4
 6  7 14 13
 9  5 11  8
10 15  0 12

 1  2  3  4
 6  7 14 13
 9  5 11  8
10  0 15 12

 1  2  3  4
 6  7 14 13
 9  5 11  8
 0 10 15 12

 1  2  3  4
 6  7 14 13
 0  5 11  8
 9 10 15 12

 1  2  3  4
 6  7 14 13
 5  0 11  8
 9 10 15 12

 1  2  3  4
 6  7 14 13
 5 11  0  8
 9 10 15 12

 1  2  3  4
 6  7  0 13
 5 11 14  8
 9 10 15 12

 1  2  3  4
 6  7 13  0
 5 11 14  8
 9 10 15 12

 1  2  3  4
 6  7 13  8
 5 11 14  0
 9 10 15 12

 1  2  3  4
 6  7 13  8
 5 11 14 12
 9 10 15  0

 1  2  3  4
 6  7 13  8
 5 11 14 12
 9 10  0 15

 1  2  3  4
 6  7 13  8
 5 11  0 12
 9 10 14 15

 1  2  3  4
 6  7 13  8
 5  0 11 12
 9 10 14 15

 1  2  3  4
 6  7 13  8
 5 10 11 12
 9  0 14 15

 1  2  3  4
 6  7 13  8
 5 10 11 12
 9 14  0 15

 1  2  3  4
 6  7 13  8
 5 10  0 12
 9 14 11 15

 1  2  3  4
 6  7  0  8
 5 10 13 12
 9 14 11 15

 1  2  3  4
 6  0  7  8
 5 10 13 12
 9 14 11 15

 1  2  3  4
 0  6  7  8
 5 10 13 12
 9 14 11 15

 1  2  3  4
 5  6  7  8
 0 10 13 12
 9 14 11 15

 1  2  3  4
 5  6  7  8
10  0 13 12
 9 14 11 15

 1  2  3  4
 5  6  7  8
10 13  0 12
 9 14 11 15

 1  2  3  4
 5  6  7  8
10 13 11 12
 9 14  0 15

 1  2  3  4
 5  6  7  8
10 13 11 12
 9  0 14 15

 1  2  3  4
 5  6  7  8
10  0 11 12
 9 13 14 15

 1  2  3  4
 5  6  7  8
 0 10 11 12
 9 13 14 15

 1  2  3  4
 5  6  7  8
 9 10 11 12
 0 13 14 15

 1  2  3  4
 5  6  7  8
 9 10 11 12
13  0 14 15

 1  2  3  4
 5  6  7  8
 9 10 11 12
13 14  0 15

 1  2  3  4
 5  6  7  8
 9 10 11 12
13 14 15  0

61 Movements
OpenSet size: 50,259
ClosedSet size: 55,028
Total nodes: 105,287
Time: 9.571000 seconds
