 6  9 15  1
14  5  0  4
 7  2 13 12
10  3  8 11

 6  9 15  1
14  5 13  4
 7  2  0 12
10  3  8 11

 6  9 15  1
14  5 13  4
 7  2  8 12
10  3  0 11

 6  9 15  1
14  5 13  4
 7  2  8 12
10  0  3 11

 6  9 15  1
14  5 13  4
 7  2  8 12
 0 10  3 11

 6  9 15  1
14  5 13  4
 0  2  8 12
 7 10  3 11

 6  9 15  1
 0  5 13  4
14  2  8 12
 7 10  3 11

 6  9 15  1
 5  0 13  4
14  2  8 12
 7 10  3 11

 6  9 15  1
 5 13  0  4
14  2  8 12
 7 10  3 11

 6  9 15  1
 5 13  8  4
14  2  0 12
 7 10  3 11

 6  9 15  1
 5 13  8  4
14  0  2 12
 7 10  3 11

 6  9 15  1
 5  0  8  4
14 13  2 12
 7 10  3 11

 6  0 15  1
 5  9  8  4
14 13  2 12
 7 10  3 11

 6 15  0  1
 5  9  8  4
14 13  2 12
 7 10  3 11

 6 15  1  0
 5  9  8  4
14 13  2 12
 7 10  3 11

 6 15  1  4
 5  9  8  0
14 13  2 12
 7 10  3 11

 6 15  1  4
 5  9  0  8
14 13  2 12
 7 10  3 11

 6 15  1  4
 5  9  2  8
14 13  0 12
 7 10  3 11

 6 15  1  4
 5  9  2  8
14 13  3 12
 7 10  0 11

 6 15  1  4
 5  9  2  8
14 13  3 12
 7  0 10 11

 6 15  1  4
 5  9  2  8
14  0  3 12
 7 13 10 11

 6 15  1  4
 5  9  2  8
 0 14  3 12
 7 13 10 11

 6 15  1  4
 5  9  2  8
 7 14  3 12
 0 13 10 11

 6 15  1  4
 5  9  2  8
 7 14  3 12
13  0 10 11

 6 15  1  4
 5  9  2  8
 7  0  3 12
13 14 10 11

 6 15  1  4
 5  0  2  8
 7  9  3 12
13 14 10 11

 6  0  1  4
 5 15  2  8
 7  9  3 12
13 14 10 11

 0  6  1  4
 5 15  2  8
 7  9  3 12
13 14 10 11

 5  6  1  4
 0 15  2  8
 7  9  3 12
13 14 10 11

 5  6  1  4
 7 15  2  8
 0  9  3 12
13 14 10 11

 5  6  1  4
 7 15  2  8
 9  0  3 12
13 14 10 11

 5  6  1  4
 7  0  2  8
 9 15  3 12
13 14 10 11

 5  0  1  4
 7  6  2  8
 9 15  3 12
13 14 10 11

 5  1  0  4
 7  6  2  8
 9 15  3 12
13 14 10 11

 5  1  2  4
 7  6  0  8
 9 15  3 12
13 14 10 11

 5  1  2  4
 7  6  3  8
 9 15  0 12
13 14 10 11

 5  1  2  4
 7  6  3  8
 9  0 15 12
13 14 10 11

 5  1  2  4
 7  0  3  8
 9  6 15 12
13 14 10 11

 5  1  2  4
 0  7  3  8
 9  6 15 12
13 14 10 11

 0  1  2  4
 5  7  3  8
 9  6 15 12
13 14 10 11

 1  0  2  4
 5  7  3  8
 9  6 15 12
13 14 10 11

 1  2  0  4
 5  7  3  8
 9  6 15 12
13 14 10 11

 1  2  3  4
 5  7  0  8
 9  6 15 12
13 14 10 11

 1  2  3  4
 5  7  8  0
 9  6 15 12
13 14 10 11

 1  2  3  4
 5  7  8 12
 9  6 15  0
13 14 10 11

 1  2  3  4
 5  7  8 12
 9  6  0 15
13 14 10 11

 1  2  3  4
 5  7  8 12
 9  6 10 15
13 14  0 11

 1  2  3  4
 5  7  8 12
 9  6 10 15
13 14 11  0

 1  2  3  4
 5  7  8 12
 9  6 10  0
13 14 11 15

 1  2  3  4
 5  7  8  0
 9  6 10 12
13 14 11 15

 1  2  3  4
 5  7  0  8
 9  6 10 12
13 14 11 15

 1  2  3  4
 5  0  7  8
 9  6 10 12
13 14 11 15

 1  2  3  4
 5  6  7  8
 9  0 10 12
13 14 11 15

 1  2  3  4
 5  6  7  8
 9 10  0 12
13 14 11 15

 1  2  3  4
 5  6  7  8
 9 10 11 12
13 14  0 15

 1  2  3  4
 5  6  7  8
 9 10 11 12
13 14 15  0

55 Movements
OpenSet size: 114,051
ClosedSet size: 119,862
Total nodes: 233,913
Time: 21.862000 seconds
