 6  9  5  0
13  8  3  4
 7 10  1 11
 2 12 14 15

 6  9  0  5
13  8  3  4
 7 10  1 11
 2 12 14 15

 6  9  3  5
13  8  0  4
 7 10  1 11
 2 12 14 15

 6  9  3  5
13  0  8  4
 7 10  1 11
 2 12 14 15

 6  0  3  5
13  9  8  4
 7 10  1 11
 2 12 14 15

 6  3  0  5
13  9  8  4
 7 10  1 11
 2 12 14 15

 6  3  5  0
13  9  8  4
 7 10  1 11
 2 12 14 15

 6  3  5  4
13  9  8  0
 7 10  1 11
 2 12 14 15

 6  3  5  4
13  9  0  8
 7 10  1 11
 2 12 14 15

 6  3  5  4
13  9  1  8
 7 10  0 11
 2 12 14 15

 6  3  5  4
13  9  1  8
 7  0 10 11
 2 12 14 15

 6  3  5  4
13  9  1  8
 0  7 10 11
 2 12 14 15

 6  3  5  4
 0  9  1  8
13  7 10 11
 2 12 14 15

 6  3  5  4
 9  0  1  8
13  7 10 11
 2 12 14 15

 6  3  5  4
 9  7  1  8
13  0 10 11
 2 12 14 15

 6  3  5  4
 9  7  1  8
13 12 10 11
 2  0 14 15

 6  3  5  4
 9  7  1  8
13 12 10 11
 0  2 14 15

 6  3  5  4
 9  7  1  8
 0 12 10 11
13  2 14 15

 6  3  5  4
 0  7  1  8
 9 12 10 11
13  2 14 15

 0  3  5  4
 6  7  1  8
 9 12 10 11
13  2 14 15

 3  0  5  4
 6  7  1  8
 9 12 10 11
13  2 14 15

 3  5  0  4
 6  7  1  8
 9 12 10 11
13  2 14 15

 3  5  1  4
 6  7  0  8
 9 12 10 11
13  2 14 15

 3  5  1  4
 6  0  7  8
 9 12 10 11
13  2 14 15

 3  5  1  4
 0  6  7  8
 9 12 10 11
13  2 14 15

 0  5  1  4
 3  6  7  8
 9 12 10 11
13  2 14 15

 5  0  1  4
 3  6  7  8
 9 12 10 11
13  2 14 15

 5  1  0  4
 3  6  7  8
 9 12 10 11
13  2 14 15

 5  1  7  4
 3  6  0  8
 9 12 10 11
13  2 14 15

 5  1  7  4
 3  0  6  8
 9 12 10 11
13  2 14 15

 5  1  7  4
 0  3  6  8
 9 12 10 11
13  2 14 15

 0  1  7  4
 5  3  6  8
 9 12 10 11
13  2 14 15

 1  0  7  4
 5  3  6  8
 9 12 10 11
13  2 14 15

 1  3  7  4
 5  0  6  8
 9 12 10 11
13  2 14 15

 1  3  7  4
 5 12  6  8
 9  0 10 11
13  2 14 15

 1  3  7  4
 5 12  6  8
 9  2 10 11
13  0 14 15

 1  3  7  4
 5 12  6  8
 9  2 10 11
13 14  0 15

 1  3  7  4
 5 12  6  8
 9  2  0 11
13 14 10 15

 1  3  7  4
 5 12  0  8
 9  2  6 11
13 14 10 15

 1  3  7  4
 5  0 12  8
 9  2  6 11
13 14 10 15

 1  3  7  4
 5  2 12  8
 9  0  6 11
13 14 10 15

 1  3  7  4
 5  2 12  8
 9  6  0 11
13 14 10 15

 1  3  7  4
 5  2  0  8
 9  6 12 11
13 14 10 15

 1  3  0  4
 5  2  7  8
 9  6 12 11
13 14 10 15

 1  0  3  4
 5  2  7  8
 9  6 12 11
13 14 10 15

 1  2  3  4
 5  0  7  8
 9  6 12 11
13 14 10 15

 1  2  3  4
 5  7  0  8
 9  6 12 11
13 14 10 15

 1  2  3  4
 5  7  8  0
 9  6 12 11
13 14 10 15

 1  2  3  4
 5  7  8 11
 9  6 12  0
13 14 10 15

 1  2  3  4
 5  7  8 11
 9  6  0 12
13 14 10 15

 1  2  3  4
 5  7  8 11
 9  6 10 12
13 14  0 15

 1  2  3  4
 5  7  8 11
 9  6 10 12
13 14 15  0

 1  2  3  4
 5  7  8 11
 9  6 10  0
13 14 15 12

 1  2  3  4
 5  7  8  0
 9  6 10 11
13 14 15 12

 1  2  3  4
 5  7  0  8
 9  6 10 11
13 14 15 12

 1  2  3  4
 5  0  7  8
 9  6 10 11
13 14 15 12

 1  2  3  4
 5  6  7  8
 9  0 10 11
13 14 15 12

 1  2  3  4
 5  6  7  8
 9 10  0 11
13 14 15 12

 1  2  3  4
 5  6  7  8
 9 10 11  0
13 14 15 12

 1  2  3  4
 5  6  7  8
 9 10 11 12
13 14 15  0

59 Movements
OpenSet size: 55,641
ClosedSet size: 59,875
Total nodes: 115,516
Time: 6.492107 seconds
